,تهران,آذربایجان شرقی,آذربایجان غربی,اردبیل,اصفهان,البرز,ایلام,بوشهر,چهارمحال و بختیاری,خراسان جنوبی,خراسان رضوی,خراسان شمالی,خوزستان,زنجان,سمنان,سیستان و بلوچستان,فارس,قزوین,قم,کردستان,کرمان,کرمانشاه,کهگیلویه و بویر احمد,گلستان,گیلان,لرستان,مازندران,مرکزی,هرمزگان,همدان,یزد,مجموع
1401-01,998039333.438655,205875461.20953605,194948632.34649098,67295484.85856,288588514.033838,146569727.461013,25817576.639375992,103510917.29690498,39669407.139775,28965670.517418,333616059.27566695,32397838.429027002,279867890.587994,43654670.172699995,29686311.737982996,143336567.403013,311746673.118622,56612280.065501004,67291959.65274899,93502048.77956699,148801704.41751498,96357997.614388,30267951.426112995,87815004.95023802,174593474.440285,66816373.728695005,238671726.94742903,61614669.855978996,168582481.670376,76259679.51573,70833134.82582399,4711607223.556961
1401-02,1403626873.8971374,257001147.38989404,222646228.03843802,79874155.80150402,360364753.31994003,207105622.677179,32063905.154513,99645210.83653101,49504848.244407006,33152715.520902004,399563301.98301196,37756937.70121399,327932407.745671,56187050.50328399,37270950.433742,148976619.527924,369602617.068297,74333069.78894201,85906590.77631101,105897358.13388401,180636606.39920202,116468625.45387001,32805806.249912996,100510260.04746002,194104488.71656004,80988604.39831,277825741.105974,79049728.884862,157229066.127931,96580458.39535202,84691081.21570401,5789302831.537865
1401-03,1525571189.2553203,271902670.727448,218107240.506329,85150577.3304,401540958.8562389,228130610.86650804,34374351.699977,96615266.58251601,53675628.25667299,35829600.53411099,444170879.798553,41460526.324861,360091679.002274,61263534.94838802,42598670.937873,158102037.33598298,400622613.762477,83110384.99002698,96696882.082503,104154235.88527699,192909569.626759,123026562.12937199,36515505.733402,114366129.24017599,206006616.74221802,85035993.182337,303134963.624486,87767525.53453,159194997.50947598,102968086.22669499,93145672.188646,6247241161.421834
1401-04,1478722755.867485,254798360.22553602,204388148.08453497,84292241.99254799,376765873.196646,216985076.13549,31600097.77092,85509238.22987302,51079268.218568005,35010053.970666,444337142.67105794,41853940.311271995,310221889.40387404,57365743.882102996,40934893.31207101,143616295.07789397,380869186.37407696,79685295.380863,90875982.61067799,94040171.07717103,179804592.004506,119340540.58680202,35832036.177507,115114299.595198,193576646.662212,83871863.99811701,289522150.413329,82851446.12707,141369127.26705697,99309781.16452898,86959922.131398,5930504059.921055
1401-05,1395127766.6371222,248812482.722676,212027253.99341503,84284443.35920699,372683242.677497,203474616.90053102,30945944.980605002,82202508.941126,50800587.31319399,33637342.788844004,434410587.40221596,41346503.93086701,296979721.065435,56361570.43975101,40089840.011144005,134742515.647511,368856703.910578,76177054.73350398,85728823.346509,100152395.78268299,171905010.291906,125267013.01755603,35490534.57114401,104367654.256342,191920798.78153,85532586.254008,287916466.623575,80773585.044928,133925892.03630899,100444244.07692799,80830944.148708,5747216635.687351
1401-06,1501553606.452262,268385151.710758,230517866.33488405,90479739.40448801,385191365.74124604,214264104.29221803,32526985.040259,88572426.513001,53853337.908943996,35000231.664418995,460687421.789546,43448273.25292299,303933552.26934606,60516588.579912,42155627.072629,147388109.31160802,387502658.415561,82495219.20952399,91625169.931235,108918409.71715698,183095678.88012898,124263870.99334402,38193259.572588004,112013186.818839,231416928.57596502,88789942.486028,324388164.675493,84981412.840477,151279473.21564502,106979986.04969598,87262124.86157401,6161679873.581699
1401-07,1429786881.353193,268929842.445901,238103015.30620798,89251911.14596799,372888012.21657205,208552049.65836,31169742.353549,91926275.837774,51612134.629329,34178609.15458301,445788787.82465,44004288.07910199,315862223.30385095,64276845.70898999,40248231.03564999,151835100.05433598,385447253.9223979,82784291.21251799,90052353.42430998,105296106.60735701,185065876.140938,122758776.66636401,37181693.200053,115057735.41308899,219679981.63842097,90919713.09100801,306041383.00200003,86768924.320109,154131002.98857498,109976278.26347198,84219874.56131901,6053795194.559947
1401-08,1607686720.682647,292978118.767088,255114042.96843898,92096384.42587498,405625041.144363,223962710.696762,33495763.468641,102579672.194197,53278456.541456,38013443.244157,477041182.374848,47994018.372186,350701360.4284529,67261295.52844201,43627357.110134,169157669.845945,411776376.3644279,85699040.289739,98709023.24408603,104646870.733926,201118494.32453403,130862333.607604,39497836.11124,122027696.54207,215557976.139137,95579354.61783202,318716738.5373069,91491674.040505,168143731.17646196,114942646.010779,94183256.7209,6553566286.254184
1401-09,1740850601.57651,313567152.81541,281425650.328913,95730780.715979,449150357.01264703,245986726.863227,37453120.583759,113328099.239578,57257695.049228996,41536406.10697299,514982896.50258404,51518224.86275599,395079061.61775506,70009462.313796,47522328.806774,186820979.95008698,450086393.175557,90354096.790058,108607138.01058698,120058880.23184401,217080350.58522698,141069508.26231098,41108986.88170199,128737979.50047703,229033608.594513,103294655.13193499,346701568.199162,99163892.553435,185860615.46057296,120698085.555558,101831336.15747301,7125906639.43639
1401-10,1796300974.9463298,312936649.67758894,295155786.44857997,94501601.821552,440677709.07970494,245724140.784264,37595731.40707701,114964932.54944299,53115266.648265,41094276.194566004,502274648.9260731,50465729.01484301,391552998.217533,65839610.734962,46839209.514450006,191893650.25747597,450270602.62358004,87650335.70843497,110494137.65655,123297121.98476501,221973788.75806302,139108621.893913,39878223.145794004,131985345.443638,239381609.889754,100228454.41378899,361590312.93117595,96468377.937788,203530301.10821304,111541007.16519,99758484.82237299,7198089641.7057295
1401-11,1975522608.7994223,332627311.275464,292410319.04605496,104201938.811222,481983537.04990596,271931723.7688581,38615897.997236,134473268.942319,55886956.151670985,45001747.466761,560015656.209973,53566115.804723,419389287.88798505,69494819.46732,49732685.311491005,214778253.51608297,494875090.83931005,94922523.155612,119945586.86740601,122512909.40924901,247191204.72855502,145209832.67541298,41818200.824935995,137622952.03890598,261695960.77804798,107283418.89226101,397107514.98197794,101189485.758507,243917931.64011106,117932878.245615,112589014.98598899,7845446633.328383
1401-12,2542595580.827688,430521902.009442,353334149.875128,131959605.81247099,640280835.222654,366512040.32397795,48952910.601794,153848182.34881198,83920648.427095,56629240.556057,687007439.8212401,70941308.48424199,507665579.0778881,94593117.05368099,67277974.75648,246965606.351923,605667261.8153689,131143456.79362597,150174497.458145,148500139.853847,316474401.38528794,182530552.057168,53817853.588927,173997432.146163,333682519.00648797,148781654.43479896,523376050.082021,141632956.560947,274488012.237259,166469055.35438997,147061636.603604,9980803600.928616
1402-01,1434724595.1903102,296780577.07630295,290112012.32606494,99439439.203773,419887017.79356194,213987408.10547203,35306279.846334994,140357098.298828,54207422.100381,41484829.918313004,492918475.168344,49746408.226653,407474221.597283,60835625.511502005,42032825.17389999,246817785.887056,450908007.6537739,81887166.083415,99306451.818133,130616087.838764,228652795.19102103,134552093.074418,42854792.15865599,135053249.162981,270217532.14124894,99551863.80817801,374586605.907871,87989218.19426699,255599370.06743497,107606037.24251199,101754721.652192,6927248013.418947
1402-02,1950367945.024123,344661927.656866,299448904.125084,109479226.172219,503971827.20881,273827714.334207,38569068.393369,130694511.168548,64056550.29086301,44805941.273293,560986667.4717151,53723946.776199,426353672.51234204,73310570.628959,50186348.849972,226703885.30115303,512409320.64399403,100194030.981271,122665875.393437,131848313.530417,261814838.59162703,144484937.51801902,44671163.72095199,141507917.403714,273921870.63229597,110421562.80005199,408856819.462847,107527043.040935,225833137.663188,128983706.19214797,118116288.230843,7984405532.993462
1402-03,1991487403.1619532,348113388.480619,286677271.86644197,109603738.732291,521571632.863917,286898222.991036,41275698.140328,119568339.94027297,68627527.005443,46759180.41283699,586460569.1311381,55848090.808093004,452336083.502762,75740514.39783801,54053206.007141,226860180.595287,525903937.492361,104218296.01939602,124438898.786182,130213984.746921,265035337.64015004,148950412.00098097,46765947.20582499,150780697.515905,279885894.131394,116274977.76932797,422527474.167602,112067539.35651599,218848663.749406,130975957.703215,120579351.669095,8169348417.991675
1402-04,1984818772.0482957,340265791.480987,278620467.937874,115017958.51770902,502034685.649846,279602110.843838,41044736.195448,108205791.957989,68040716.432193,47119187.08558399,589265537.373071,56296723.666619,414719297.158253,74949416.051636,53028020.499689,208758191.30125004,514593156.37948793,101909033.606127,120947009.77165098,121931671.18464,254631963.03532898,151074777.655678,47513029.337592,155170592.64819402,267167334.11342502,118756295.97439401,403912012.852059,108697173.241468,199831796.42480597,130394139.421951,115496447.203475,7973813837.050559
1402-05,1911506707.422406,332848951.544298,278989816.734409,115387122.04309201,497509816.72761005,271173328.69597703,40942388.897419,105929828.579631,69229340.305542,45799841.669041,585430889.886189,56121064.75716699,395780938.30837995,73662006.846958,52509762.727536,211690969.23840204,511192298.3275161,101698987.20663,113618961.81654501,126756029.90527199,243341291.71131596,158073361.63321602,47832275.521925,143791382.323902,263883072.43400902,118067361.04647298,401627715.066004,107085550.038942,192275240.874511,131086482.604406,115140772.94827,7819983557.842994
1402-06,1967098189.789961,361417994.792731,316025424.443081,126291622.095258,501613760.43467903,280555510.04815,43446273.378950015,107522823.46469699,72576660.833302,45231223.37109,616566552.876487,58572469.42339799,395107268.1061929,82018364.091827,56324791.70871599,215491558.50388598,524553898.4625051,107975213.126591,117973622.30785201,149733362.559177,257344926.24265,169749977.54306197,49285172.067781,153217299.89936802,309113292.81076795,127796559.57727998,439361556.60600394,112824699.52514501,209860736.612286,146921093.580893,116047303.009412,8237619201.29318
1402-07,2066595450.7239745,371360154.474552,318261577.7812691,120509417.515289,523478128.0541131,286937835.57081604,42683094.733263,118683531.383571,71352646.89991298,48517331.488028,613143506.027522,60379588.56290801,431800367.882649,85310736.62369502,57014250.65945,214831072.832038,540378951.072424,113104425.10703798,123488004.40811603,144829286.89912602,270725862.830342,166018670.24340403,48782160.339485,154610955.223276,290414930.2653949,129544882.23926802,423908682.068202,118752106.66856599,220820062.022869,150134900.27476,125604377.117537,8451976947.99286
1402-08,2050975255.7677882,368719426.72681504,320335178.62246,115657464.36784999,525532992.39988905,282891112.40857196,42469982.898669004,124536504.18020901,69528244.035697,48061738.897711,603935984.849773,60047929.791791,458177400.79033506,82769920.345247,55009923.081682004,211311425.895891,544308395.751811,108959212.177288,123434966.318383,141060070.08591703,270006447.129772,161662870.51342502,48586692.61014,157428924.444908,276667056.784829,125075293.61864701,413475425.10666996,117470710.986186,233659963.27443394,142605394.703329,125014796.08977601,8409376704.655896
1402-09,2042365685.145955,368934640.6107099,316834049.738789,113213976.89138998,524716806.23648405,289225413.400442,42805437.934076995,127508682.215485,70415214.73587999,50382440.627179,609569231.747449,60311129.35066101,472742751.53214306,80770922.841182,55478611.171666995,225251835.719508,542716374.1022038,107821426.51639399,126955970.04216601,138471016.93141702,271789774.548823,159000858.695289,49529850.250762,156294646.880433,276584585.664674,123162773.666713,415316128.842057,117081631.24360798,257992849.52517802,139341925.241224,125298562.03449501,8457885204.084438
1402-10,2045954579.8744643,351157616.1371089,293916810.353055,102889063.750059,527734780.048947,281592115.46882606,41491795.58858,133262028.72964998,68403736.23833999,50204891.55856299,587168036.9437381,57328190.718663,464475819.94321406,76277495.11945999,53978170.251904,222767442.70042104,534823614.28238803,103922488.124437,125891248.751666,125629406.88091901,274047381.728893,152460173.83269697,48350469.656124,151542202.464135,265332016.13101605,113333344.419134,405367965.842398,111711206.37287,260670422.132411,130153042.35000397,127772171.700396,8289609728.094483
1402-11,2167120022.025641,356559816.0338501,292807694.228397,108181514.44472201,542280637.293233,290653520.478678,43029421.72363701,143653912.482905,69778780.35426,51258622.26901999,602984129.736178,56080753.148241006,474826153.141879,76392466.140236,55463373.729872,224176706.994389,556782323.250666,105856058.56998001,132394172.501525,124932101.87970899,286677849.751651,152574119.23648798,49545358.227318,150342120.888727,280331905.20050603,116437471.912616,425501768.03968805,115122411.89784099,298286766.36084795,132267091.202741,130990844.985036,8613289888.130478
1402-12,2795459033.87058,481696266.300162,369966699.628096,146639337.197898,687267355.455282,398608706.555262,56857245.54962,167364223.947846,98200689.735889,62700145.794557,728706155.6319971,75379774.88518299,573118014.7500719,105084038.33766802,74099304.963174,248064799.07605797,690501023.86853,144990108.42708698,157467133.174479,154184335.889085,362995283.58237404,203323377.835835,61909572.47387001,189505649.855273,350120005.16734594,165015592.534187,543543108.5264821,154940408.147057,321920956.46521497,181497850.77156803,167381018.53908598,10918507216.936815
